[スケ→ウィザー]
58000000 017BE6B8
58001000 000000A0
78000000 00000190
64000000 00000000 00000006
58000000 017BE6B8
58001000 000000A8
58001000 000000A8
68000000 00000069 00000077
78000000 00000008
68000000 00000068 00000074
78000000 00000008
68000000 00000072 00000065

[ウィザスケ→イリュージョナ]
58000000 017BE6B8
58001000 000000B0
78000000 000000A0
64000000 00000000 00000010
58000000 017BE6B8
58001000 000000B0
58001000 000000A8
68000000 0000006c 00000069
78000000 00000008
68000000 00000075 0000006C
78000000 00000008
68000000 00000069 00000073
78000000 00000008
68000000 0000006e 0000006f
78000000 00000008
68000000 00000069 0000005f
78000000 00000008
68000000 0000006c 0000006c
78000000 00000008
68000000 00000067 00000061
78000000 00000008
68000000 00000072 00000065

[ストレイ→エンドラ]
58000000 017BE6B8
58001000 000000B8
78000000 000000A0
64000000 00000000 0000000C
58000000 017BE6B8
58001000 000000B8
58001000 000000A8
68000000 0000006e 00000065
78000000 00000008
68000000 00000065 00000064
78000000 00000008
68000000 0000005f 00000072
78000000 00000008
68000000 00000072 00000064
78000000 00000008
68000000 00000067 00000061
78000000 00000008
68000000 0000006e 0000006f
